{
  "advancedEditorSelectedIdentifier" : "ProjectBrowser",
  "openSceneRelativePaths" : [
    "Scene.usda"
  ],
  "recentIdentifiers" : {
    "DCA3A149-E131-47AE-9664-2BBC49E0B80F" : [

    ]
  },
  "sceneCameraHistory" : {
    "26DBAE76-5DD8-47B6-A085-1B4ADA111097" : [
      {
        "date" : 753547425.412597,
        "title" : "Untitled",
        "transform" : [
          1,
          0,
          0,
          0,
          0,
          0.7071069,
          -0.70710677,
          0,
          0,
          0.70710677,
          0.7071069,
          0,
          0,
          0.1621337,
          0.16213372,
          1
        ]
      }
    ],
    "DCA3A149-E131-47AE-9664-2BBC49E0B80F" : [
      {
        "date" : 753547980.871621,
        "title" : "Untitled",
        "transform" : [
          0.78450835,
          1.089812e-08,
          0.62011814,
          0,
          0.30270112,
          0.87276876,
          -0.382945,
          0,
          -0.5412199,
          0.48813406,
          0.6846943,
          0,
          -0.56505144,
          0.49437165,
          0.7697911,
          1
        ]
      },
      {
        "date" : 753547961.603541,
        "title" : "Untitled",
        "transform" : [
          0.06172017,
          1.7559527e-08,
          0.9980935,
          0,
          0.4751511,
          0.87941355,
          -0.02938202,
          0,
          -0.877737,
          0.4760587,
          0.054277405,
          0,
          -2.0479527,
          1.1808157,
          0.6860565,
          1
        ]
      },
      {
        "date" : 753547954.406534,
        "title" : "Untitled",
        "transform" : [
          -0.50845265,
          1.8941535e-08,
          0.86108994,
          0,
          0.16599596,
          0.9812431,
          0.09801704,
          0,
          -0.8449385,
          0.19277449,
          -0.49891582,
          0,
          -2.5259633,
          0.39194745,
          -1.2185235,
          1
        ]
      },
      {
        "date" : 753547942.720088,
        "title" : "Untitled",
        "transform" : [
          -0.52196264,
          -2.136399e-08,
          0.8529683,
          0,
          0.8524485,
          0.034899626,
          0.52164495,
          0,
          -0.029768163,
          0.99939084,
          -0.018216433,
          0,
          -0.868565,
          2.0319552,
          -0.24116874,
          1
        ]
      },
      {
        "date" : 753547938.834533,
        "title" : "Untitled",
        "transform" : [
          -0.9603252,
          -3.4034258e-08,
          0.27888262,
          0,
          0.15260303,
          0.8370049,
          0.5254855,
          0,
          -0.23342596,
          0.5471953,
          -0.80379695,
          0,
          -0.3769952,
          0.8716477,
          -0.9287857,
          1
        ]
      },
      {
        "date" : 753547904.887265,
        "title" : "Untitled",
        "transform" : [
          -0.8532364,
          -3.7710745e-08,
          0.52152437,
          0,
          0.20745549,
          0.9174777,
          0.3394066,
          0,
          -0.4784868,
          0.39778718,
          -0.7828254,
          0,
          -0.82078373,
          0.61518455,
          -0.9452065,
          1
        ]
      },
      {
        "date" : 753547892.626404,
        "title" : "Untitled",
        "transform" : [
          -0.5169079,
          -4.905269e-08,
          -0.856041,
          0,
          -0.85551965,
          0.034899633,
          0.5165928,
          0,
          0.029875495,
          0.99939084,
          -0.018039797,
          0,
          -0.29200044,
          1.671575,
          0.30175227,
          1
        ]
      },
      {
        "date" : 753547889.826531,
        "title" : "Untitled",
        "transform" : [
          -0.5169079,
          -4.905269e-08,
          -0.856041,
          0,
          -0.85551965,
          0.034899574,
          0.5165928,
          0,
          0.029875444,
          0.99939084,
          -0.018039765,
          0,
          -0.6820282,
          1.6778886,
          0.0055998564,
          1
        ]
      },
      {
        "date" : 753547885.412599,
        "title" : "Untitled",
        "transform" : [
          -0.8048629,
          -4.727253e-08,
          -0.59346056,
          0,
          -0.58704257,
          0.14667238,
          0.7961584,
          0,
          0.087044306,
          0.98918515,
          -0.118051074,
          0,
          -0.8633251,
          1.6691997,
          0.13015676,
          1
        ]
      },
      {
        "date" : 753547879.713172,
        "title" : "Untitled",
        "transform" : [
          0.90461624,
          -2.19987e-08,
          0.4262269,
          0,
          0.33429277,
          0.6203729,
          -0.70949674,
          0,
          -0.26441967,
          0.78430694,
          0.5611993,
          0,
          0.23995003,
          1.4670899,
          1.6651344,
          1
        ]
      }
    ]
  },
  "sceneViewportBackgroundColors" : {

  },
  "selectedSceneRelativePath" : "Scene.usda"
}